COHERENCIA DE TIRAS RAW (ancla de estilo: block.png)
======================================================================
tira        raw         n   h_px max pixel  cabeza   arte_max fondo
stance      1408x768    15  250      1      38       151      0.7682
walk        1376x768    6   374      1      58.0     148      0.8153
jump        1408x768    4   566      1      82.5     158      0.7247
fwdjump     1408x768    4   478      1      63.0     175      0.8401
crouch      1376x768    3   644      1      86       172      0.6791
block       1408x768    2   647      1      93.0     160      0.7856
punch_weak  1408x768    3   659      1      103      147      0.643
kick_weak   1376x768    3   610      1      98       143      0.6779
dash        1408x768    3   648      1      93       160      0.6709

stance: cabezas=15/15 fondo=[39, 168, 57]
  top_colores=[[0, 0, 0], [16, 16, 64], [48, 16, 80], [0, 0, 16], [0, 160, 144], [48, 0, 80]]
walk: cabezas=6/6 fondo=[195, 80, 147]
  top_colores=[[16, 16, 64], [0, 160, 144], [0, 0, 0], [0, 0, 16], [96, 48, 128], [0, 176, 144]]
jump: cabezas=4/4 fondo=[10, 241, 7]
  top_colores=[[0, 0, 0], [48, 0, 80], [16, 16, 80], [0, 160, 144], [0, 96, 96], [96, 48, 112]]
fwdjump: cabezas=4/4 fondo=[198, 78, 168]
  top_colores=[[48, 16, 80], [0, 176, 160], [0, 0, 16], [16, 32, 80], [0, 128, 128], [0, 0, 32]]
crouch: cabezas=3/3 fondo=[5, 176, 30]
  top_colores=[[0, 0, 0], [48, 0, 80], [16, 16, 80], [0, 96, 96], [0, 80, 96], [48, 64, 112]]
block: cabezas=2/2 fondo=[185, 72, 148]
  top_colores=[[0, 0, 0], [48, 0, 80], [16, 16, 80], [0, 160, 144], [0, 96, 96], [16, 16, 64]]
punch_weak: cabezas=3/3 fondo=[64, 166, 81]
  top_colores=[[0, 0, 0], [16, 16, 64], [48, 0, 80], [80, 32, 96], [0, 160, 144], [16, 80, 96]]
kick_weak: cabezas=3/3 fondo=[7, 172, 29]
  top_colores=[[0, 0, 0], [48, 0, 80], [16, 16, 64], [16, 16, 80], [0, 96, 96], [0, 80, 96]]
dash: cabezas=3/3 fondo=[9, 238, 8]
  top_colores=[[0, 0, 0], [16, 16, 80], [48, 0, 80], [0, 80, 96], [0, 160, 144], [16, 16, 64]]

CANON v1.2: cabeza=23.0px-arte (-> de pie ~160), rampas={'outline': 1, 'suit': 3, 'navy': 3, 'skin': 3, 'mask': 3, 'hair': 3, 'yellow': 2, 'white': 1}, paleta (49 tintas) + piel (8)
